0.20236706733703613
0.09511756896972656
0.4255235989888509
0.3208748698234558
0.08273038864135743
0.5202624003092448
0.4020271301269531
0.14700379967689514
0.19713799158732095
0.5153033256530761
0.7780455675992098
0.29349501927693683
0.9290373141948993
0.6631765535899571
0.3729939301808675
0.15389275550842285
0.6832230091094971
0.44779352347056073
0.5060103065089175
0.27673265933990476
0.4406392574310303
0.1598755121231079
0.14695454680401346
0.39764439066251117
0.6043601322174073
0.4319073328605065
0.3776271343231201
0.9240215761320931
1.3429721717176766
0.914813510576884
1.4966477809413787
1.1706192195415497
1.12092873544404
1.3502710987539852
0.997531693322318
2.7875874042510986
0.6535883723078547
0.5472500763441387
2.9152481861603565
0.44459882378578186
1.8324847861034115
1.0569826988946824
1.1209259033203125
2.577917657115243
1.944525867038303
2.560193124024764
1.2121046959085668
0.48760003844896954
1.8079989588990504
1.3202273273468017
