0.30142903327941895
0.34993767738342285
0.15796415011088052
0.45797789096832275
0.2494269371032715
0.12327353159586589
0.31243957792009625
0.42879951000213623
0.5314836502075195
0.4105931997299194
0.1407687230543657
0.3106403946876526
0.9978600648733286
0.31939235755375456
0.4784945646921794
0.6753392666578293
0.49881090837366443
0.32734599378373885
0.9238680036444413
0.7663200616836547
0.8226107756296793
1.0812313014810735
0.8828060937964398
0.9238777856032053
0.40973563194274903
0.8546890112069937
0.5390743326257776
0.779755677495684
0.7734049353106268
0.7677922089894612
0.9195334065345026
1.8602309376001358
0.38523418975598883
0.5893518223482019
1.1325649670192173
1.0081712404886882
0.676953953665656
0.49300637998079
0.8177455449715639
0.45353150367736816
2.8748416842483895
1.1001686879566737
0.6105930417083031
1.7387083714658564
2.353997166951497
3.6209294122198354
1.33322685322863
1.7459108382463455
2.1613043814289328
2.4680663776397704
