0.019765853881835938
0.025956392288208008
0.028363704681396484
0.5627872347831726
0.40617976188659666
0.11550986766815186
0.2614983490535191
0.22219440340995789
0.5881712171766493
0.5478821754455566
0.45762779495932837
1.025042215983073
0.5360282384432279
0.8893945387431553
0.24542792638142905
0.3319542109966278
1.4084081229041605
0.5238476329379611
0.7146406173706055
1.1886934041976929
0.4547418299175444
1.0144522081721912
0.7259463123653246
0.32074010372161865
0.3287051677703857
0.7268158655900222
0.5166753927866617
0.28343229634421213
0.7290098420504866
0.6826626936594645
1.1729898529668008
1.7874632999300957
1.4284621513251103
1.522720540271086
0.699101175580706
1.4492485854360793
0.6171105810113855
0.7154800766392758
0.8538122971852621
0.46210538744926455
2.523447292607005
3.283354611623855
1.0414755954298862
1.5505006313323975
1.2628101295895047
1.1999757393546726
3.0132051579495696
1.4244575252135594
2.553822624440096
1.2982961750030517
