0.020568132400512695
0.017019987106323242
0.02024102210998535
0.09809678792953491
0.22391624450683595
0.08451529343922932
0.25546554156712126
0.07920119166374207
0.1415953106350369
0.14030098915100098
0.16206890886480158
0.7319410045941671
0.21077255102304313
0.3800067390714373
0.3670225143432617
0.5972737818956375
0.230971658931059
0.24996843602922228
0.1258405886198345
0.2744083285331726
0.3286749635423933
0.5990487987344916
0.17452991527059805
1.3155935406684875
0.6799714660644531
0.42062129424168515
0.1125574200241654
0.2855637414114816
0.70908705941562
0.726798955599467
1.0230962076494772
0.9709076136350632
0.2308981129617402
0.7318020077312694
2.1497089522225514
0.6975541247261895
0.6867682869369919
2.497371899454217
2.3141285456143894
2.404197871685028
0.7818373470771603
1.4263230618976412
12.913517441860465
0.7390502041036432
1.8334871874915228
0.8749479781026426
2.3773013784530317
0.19291758040587106
5.105048476433267
1.059060754776001
