0.011479854583740234
0.02179133892059326
0.024755557378133137
0.046733736991882324
0.21800098419189454
0.22123503684997559
0.0272935117994036
0.08127695322036743
0.3319230874379476
0.17348620891571045
0.19600098783319647
0.17943046490351358
0.29990066014803374
0.4355595622743879
0.37621275583902997
0.3939964175224304
0.4913924441618078
0.5221939749187894
0.42695507250334086
0.31952002048492434
0.1554772967383975
0.39985184236006305
0.6213538439377494
0.4699183503786723
0.33299386978149415
0.23860235397632307
0.6141376583664505
0.4168551649366106
0.8301365704372011
0.698354697227478
0.5533679608375796
0.8768776431679726
0.5037519787297104
0.6540492071824915
2.0304021630968365
2.2012566526730857
1.135657536016928
0.34699256169168574
1.462903591302725
1.1807000637054443
1.8700622581854098
0.3821460235686529
0.898065583650456
4.617334154519168
0.4117534425523546
5.515855659609255
0.5202319774221866
0.2925904045502345
1.1731198709838244
10.93777334690094
