0.19431400299072266
0.10292196273803711
0.17932852109273276
0.07397419214248657
0.16611137390136718
0.0784298578898112
0.05620326314653669
0.2444775104522705
0.19162310494316948
0.1341480493545532
0.17006613991477273
0.06072541077931722
0.09464188722463754
0.022497074944632395
0.31079305013020836
0.16671805083751678
0.029781748266781077
0.1747194661034478
0.11942492033305921
0.0771728515625
0.09715555963062104
0.1090422435240312
0.09332690031632133
0.41882702708244324
0.14974355697631836
0.1136093047948984
0.11493197193852177
0.2739302260535104
0.4082352128522149
0.6828180313110351
0.7582622343494047
0.3959665894508362
0.40044368397105823
0.5704568344004014
1.0833121912819998
1.7211169203122456
1.017654560707711
0.3853700913881001
0.6210722678746933
0.4115434467792511
0.2380345623667647
0.7462376526423863
0.16924370166867278
5.979461220177737
1.478063005871243
0.6416740832121476
0.32919481460084304
2.233352745572726
0.451434174362494
5.913404960632324
