0.3132152557373047
0.09251844882965088
0.2634432315826416
0.21296244859695435
0.7152529716491699
0.18077345689137778
0.03497133936200823
0.1326073706150055
0.16106433338589138
0.06897928714752197
0.04208361018787731
0.05545121431350708
0.1597451246701754
0.28304578576769146
0.8373488903045654
0.6936592906713486
1.0848990047679228
0.5810390048556857
0.40022980539422287
0.5597581505775452
0.9304226920718238
0.3833140351555564
0.3709532592607581
0.2736384669939677
1.7052326393127442
0.968776537821843
0.3673740934442591
0.668547340801784
1.9497117091869485
0.632852307955424
0.7153616874448715
0.8315863013267517
1.0496108820944121
0.9270834782544304
0.5093088626861573
0.9249023000399271
0.8169730353999782
0.7706597604249653
3.463422634662726
1.0587781131267548
0.8689467325443174
2.5119820833206177
0.8524767077246378
2.374641012061726
0.8874748071034749
1.0790935495625371
1.1496439233739326
0.5949462801218033
2.1547844847854303
3.4986377286911012
