0.08360934257507324
0.07534599304199219
0.15889263153076172
0.25950103998184204
0.20763049125671387
0.06835273901621501
0.17009796415056502
0.31235772371292114
0.23704897032843697
0.3495497465133667
0.3742977272380482
0.3406677047411601
0.1722591106708233
0.4563873325075422
0.11236507097880045
0.35491669178009033
0.32317011496599984
0.7091958125432333
0.4237150644001208
0.4257913112640381
0.16498103595915295
0.9966052770614624
0.687203137770943
0.3615352213382721
0.17332115173339843
0.2407364661876972
0.4376820281699852
0.38640311786106657
0.4001454073807289
0.7843409697214763
0.8187142187549222
0.5820912197232246
0.9151118668642911
0.9988122547374052
1.2032543386731829
1.6904605759514704
0.5722289472012907
0.4423965780358565
1.2421585290859907
0.9989345133304596
0.5792755092062601
1.955690066019694
1.3000689606333888
2.9385445443066684
1.486781242158678
2.021419022394263
2.579328567423719
4.363989839951198
2.0493144453788292
2.010427212715149
