0.399155855178833
0.17691028118133545
0.3295305569966634
0.7145084142684937
0.03356928825378418
0.0583349863688151
0.07670787402561732
0.19990891218185425
0.06703718503316243
0.18305904865264894
0.49103968793695624
0.5795598030090332
0.4414617098294772
0.5998696599687848
0.16331555048624674
0.597024068236351
0.4988856035120347
0.21021959516737196
0.9904310452310663
0.5982100129127502
0.7184073016757057
0.45851342244581744
1.3784291225930918
0.2874288062254588
0.2548980236053467
0.2267389939381526
1.3506882102401168
0.824894232409341
1.8105689081652412
0.2524926503499349
0.43584537506103516
0.3706703260540962
1.2632638613382976
0.28897783335517435
1.579882492337908
0.8867023918363783
0.49381145271095067
0.7220597016183954
0.7607750159043533
0.7183216512203217
0.24603610503964307
0.7047085818790254
2.6080696194670923
1.3869788538325916
0.562975698047214
0.9416688317837922
1.755830389388064
3.9543679853280387
5.3776019787301825
1.587062063217163
