0.09578466415405273
0.3499225378036499
0.029531160990397137
0.0317038893699646
0.060012292861938474
0.2421881357828776
0.19073898451668875
0.28662076592445374
0.21038553449842665
0.2616018772125244
0.14451753009449353
0.24705890814463297
0.10833604519183819
0.362436260495867
0.2291797637939453
0.41789017617702484
0.3414133156047148
0.11144966549343532
0.7269086837768555
0.18756407499313354
0.40587787401108516
0.336404334415089
0.4380058412966521
0.28973918159802753
0.171232271194458
0.2597176203360924
0.4165588484870063
0.43807569571903776
0.45547582363260203
0.7515199820200602
0.4769820397899997
1.064702995121479
0.3427096785921039
0.20879094740923712
0.6261970383780343
0.7725681662559509
0.5758520976917164
0.5998204444584093
0.5650509504171518
1.0811441481113433
1.0606185459509128
1.010030780519758
0.365756866543792
0.6738963072950189
0.9495632542504204
0.805573909179024
0.35589041101171615
0.8275246520837148
0.5436784053335384
0.46992109298706053
