0.0414278507232666
0.15720832347869873
0.09172248840332031
0.12940722703933716
0.22871732711791992
0.20185625553131104
0.16557581084115164
0.2074257731437683
0.08872617615593804
0.17357943058013917
0.13705981861461292
0.31691447893778485
0.27765241036048305
0.14349077429090226
0.20220181147257488
0.30330824851989746
0.28152908998377185
0.7620242569181654
0.6138433406227514
0.2882889866828918
0.12784054165794737
0.6948005069385875
0.377227897229402
0.3354327082633972
0.6812471771240234
0.1360156352703388
0.4396718608008491
0.6995822616985866
0.20425744714408084
0.21253264745076497
0.3486587539795906
0.4271523356437683
0.7381009405309503
0.34824543840744915
0.563281740461077
0.8590524196624756
1.141011096335746
0.16181438847592003
0.4760297995347243
0.6925503015518188
0.52178387525605
0.8079241627738589
0.6655828342881314
0.5427633307196877
0.5709807184007433
0.41185225092846417
0.48699326718107183
0.3843028396368027
0.6846139966225138
5.807540411949158
