0.036078453063964844
0.07045614719390869
0.29150040944417316
0.08054709434509277
0.2255878448486328
0.454567829767863
0.20278685433523996
0.2356652319431305
0.3383513291676839
0.4243196725845337
0.5691472400318492
0.3136189977327983
0.2975788116455078
0.5662722417286464
0.4509351889292399
0.17983165383338928
0.5318516703212962
0.6024049123128256
0.49723833485653524
0.41578317880630494
0.13987643378121511
1.4425580068068071
1.0932471855827
0.4525453945000966
1.3981506252288818
0.6488228577833909
1.3619175575397633
0.7864067128726414
0.8315113741776039
0.9112080732981364
0.8543884907999346
0.7062837034463882
0.999355005495476
1.2843411810257856
0.6033459731510707
1.2659286393059626
0.9036237613574879
1.208927869796753
0.7946521013210981
0.930893063545227
1.162720709312253
5.403119569733029
1.029137744459995
4.700424871661446
0.7548953374226888
0.9261574537857719
1.6672548334649269
0.6682018389304479
0.8609872691485346
1.7585197162628174
