0.02010035514831543
0.059642910957336426
0.10452405611673991
0.32771384716033936
0.45601043701171873
0.06054198741912842
0.5182998520987374
0.2073630392551422
0.20470428466796875
0.07940106391906739
0.6244105859236284
0.48321159680684406
0.6474790573120117
0.730674181665693
0.395487896601359
0.3894822597503662
0.8511033899643842
0.8546010520723131
1.2801062558826648
0.5916842818260193
0.6948819501059396
0.9366962259465997
1.0243937865547512
0.812150239944458
0.6889418888092042
0.5463613455112164
1.5940423100082963
1.6433320896966117
2.534524473650702
1.0338632980982463
0.4975596704790669
0.5130763798952103
1.2894792556762695
1.6979750464944279
3.5158354214259555
1.044605228636
1.0255998985187427
2.647650862994947
2.863828970835759
4.450624734163284
2.2348539654801534
2.4488979691550847
1.5304712472960007
2.017516103657809
1.499895879957411
6.023453188979107
0.5549595000896048
1.2238860179980595
5.105228273236022
2.369036326408386
