0.2100992202758789
0.152085542678833
0.30168724060058594
0.26481711864471436
0.3257486820220947
0.8850816488265991
0.6146552903311593
0.2041308581829071
0.045983473459879555
0.11306161880493164
0.23450491645119406
0.9503495295842489
0.5472391385298508
0.5790362528392247
0.2843115011850993
1.0986386388540268
1.201752830954159
0.5571062829759386
0.5417494773864746
0.9363959908485413
0.4924272923242478
0.47729983113028784
1.0040108846581501
0.7094807326793671
1.42763201713562
1.1734433540931115
1.471483998828464
1.185204301561628
1.8426364290303197
1.2596110423405966
0.7525934942307011
1.2576059848070145
0.46548203988508746
1.810144585721633
2.28221264566694
1.762331982453664
2.201326982395069
0.9983146378868505
1.8221346965202918
0.2755140483379364
1.378149003517337
2.619958758354187
3.1086505900981813
2.090458100492304
10.312886736128066
1.944987908653591
2.3990527619706823
1.7263107498486836
3.3842307158878873
2.1790940237045286
