0.04219532012939453
0.12580204010009766
0.24939791361490884
0.45698779821395874
0.5733714580535889
0.018411119778951008
0.10032108851841517
0.035305947065353394
0.3709939850701226
0.08475594520568848
0.41901698979464447
0.6251952846844991
0.7107220979837271
0.6849742446626935
0.08602997461954752
0.5722310841083527
0.33174772823558135
0.34407063325246173
0.5336421288942036
1.0690793871879578
0.7131042594001407
1.1393228769302368
1.0046801463417385
0.5021088023980459
1.0250301933288575
0.8904460943662204
0.5323762981979935
1.1766198703220911
0.8033921883024019
1.6032761812210083
0.8353093131895988
1.9095308110117912
0.9435229807189016
1.3295847668367273
2.8848347391401017
2.001392549938626
5.418738390948321
5.7764826950274015
1.333985719925318
1.7812898874282836
2.866048260432918
1.1441506204150973
2.86213764478994
1.5571367740631104
2.2334512975480822
7.34598081526549
3.8248560986620315
5.899952073891957
2.508175144390184
1.9184590530395509
