0.3991706371307373
0.566010594367981
0.10432966550191243
0.2323157787322998
0.3322409152984619
0.60451606909434
0.5305043629237584
0.5798176527023315
0.5432186391618516
0.611364197731018
0.12362621047280052
0.17858014504114786
0.05815445459806002
0.3182218755994524
0.1546429951985677
0.2564573436975479
1.117104221792782
0.9022237724728055
0.45752278127168355
0.23293319940567017
0.7368035543532598
1.2569931528785012
1.1549176133197288
0.5199381311734518
1.1938199424743652
1.494314661392799
1.6451274818844266
0.2453864472252982
0.3290962104139657
0.6022468010584513
0.5717207231829243
1.8171225860714912
0.9880302674842604
1.5438291395411772
2.14336724962507
1.7838653723398845
1.6222227779594627
0.6914488579097547
0.6797231099544427
1.1422299981117248
0.8268296253390428
3.318779672895159
0.8247612797936728
5.072730833833868
1.3362632592519124
6.085713106652965
11.020519398628398
1.6175380647182465
0.609911363952014
0.41850303173065184
