0.20143723487854004
0.7735127210617065
0.2652539412180583
0.2071196436882019
0.22425670623779298
0.04342480500539144
0.048053230558122904
0.21599963307380676
0.5093055831061469
0.29655916690826417
0.6501900499517267
0.9469181299209595
0.3534462818732628
0.7421290704182216
0.7274795373280843
1.2747043371200562
1.1023942863239962
0.6629170179367065
1.1613307626623857
0.9436818957328796
0.9209997086297899
0.3336254900152033
0.858950366144595
0.6586650013923645
1.5279788780212402
0.7665586104759803
1.0007645730619077
3.107124720300947
1.2862508050326644
2.0321481307347615
2.182553775848881
1.3733003064990044
3.070667844830137
1.7030426544301651
1.1483462265559605
1.6697878373993769
2.462356354739215
0.9919602682715968
2.801820626625648
2.878423327207565
8.16873137543841
5.354288441794259
2.0246158256087194
2.3029749339277092
10.746874406602647
0.8692287828611291
4.350644182651601
1.2335985153913498
17.810433183397567
1.8525796508789063
