0.018530607223510742
0.05659329891204834
0.10114773114522298
0.5283771753311157
0.5169032573699951
0.1253249247868856
0.3277251720428467
0.29983723163604736
0.43012401792738175
0.24368181228637695
0.12562244588678534
0.13446283340454102
0.4620071557851938
0.18531278201511928
0.49581456184387207
0.40580859780311584
0.7580094617955825
0.12972324424319798
0.5680813789367676
1.232166874408722
0.6677223046620687
0.2781421596353704
1.2272259981735893
0.7446567316850027
0.8765221405029296
0.598012795815101
0.38171887397766113
0.8162601590156555
0.971691789298222
0.2215239683787028
0.3321112586605933
0.5533926784992218
0.22189051454717462
0.6331610819872688
0.44710685866219657
0.23567780521180895
0.4066907006341058
1.670156152624833
2.921400296382415
2.0700108647346496
0.5273287238144293
0.34340570654187885
0.47066369722055834
1.5615752393549138
0.4632097456190321
0.5555446199748827
1.8252930539719603
1.069779207309087
1.5356362547193254
5.313311023712158
